2 -1.029742 1.029742
2 -0.393821 0.393821
2 -0.392863 0.392863
2 -0.388817 0.388817
2 -1.034367 1.034367
2 -0.394343 0.394343
2 -0.394227 0.394227
2 -1.035408 1.035408
1 0.778034 -0.778034
2 -1.025985 1.025985
2 -0.812478 0.812478
2 -0.392642 0.392642
2 -0.386259 0.386259
2 -1.036236 1.036236
2 -0.389193 0.389193
2 -0.394145 0.394145
2 -0.393754 0.393754
2 -0.391608 0.391608
2 -0.399712 0.399712
2 -0.395405 0.395405
2 -1.022427 1.022427
2 -0.391829 0.391829
2 -0.386049 0.386049
2 -0.396256 0.396256
2 -0.383521 0.383521
2 -0.388291 0.388291
2 -0.388494 0.388494
1 1.380904 -1.380904
2 -0.393979 0.393979
2 -0.393267 0.393267
2 -0.391859 0.391859
2 -1.022846 1.022846
2 -0.390923 0.390923
2 -0.388355 0.388355
2 -1.019824 1.019824
2 -0.396597 0.396597
2 -0.387301 0.387301
2 -0.389054 0.389054
2 -0.396548 0.396548
2 -0.392754 0.392754
2 -0.392945 0.392945
2 -1.031322 1.031322
2 -0.389233 0.389233
2 -0.399848 0.399848
2 -1.032927 1.032927
2 -0.390786 0.390786
2 -1.015134 1.015134
2 -1.025162 1.025162
2 -0.388507 0.388507
2 -1.029975 1.029975
2 -0.394429 0.394429
2 -0.387529 0.387529
2 -0.393580 0.393580
2 -0.392044 0.392044
2 -0.391141 0.391141
2 -0.392286 0.392286
2 -0.397753 0.397753
2 -0.389027 0.389027
2 -1.028894 1.028894
2 -0.389724 0.389724
2 -3.163148 3.163148
2 -1.029871 1.029871
2 -0.388000 0.388000
2 -0.391393 0.391393
2 -0.390552 0.390552
2 -1.025428 1.025428
2 -0.392156 0.392156
2 -0.387839 0.387839
2 -0.387906 0.387906
2 -0.393343 0.393343
2 -0.390073 0.390073
2 -0.394961 0.394961
2 -0.383270 0.383270
2 -0.392149 0.392149
2 -0.388334 0.388334
2 -0.388091 0.388091
2 -1.027759 1.027759
2 -0.389821 0.389821
2 -1.019843 1.019843
2 -1.034194 1.034194
2 -3.352156 3.352156
2 -0.393509 0.393509
2 -1.488867 1.488867
2 -0.395024 0.395024
2 -0.389238 0.389238
2 -1.030175 1.030175
2 -1.037888 1.037888
2 -1.029684 1.029684
2 -1.023079 1.023079
2 -1.021646 1.021646
2 -1.026506 1.026506
2 -1.029643 1.029643
2 -0.392180 0.392180
2 -0.506379 0.506379
2 -0.391528 0.391528
2 -0.392877 0.392877
2 -0.394300 0.394300
2 -1.021194 1.021194
2 -0.391514 0.391514
2 -0.388044 0.388044
2 -0.393957 0.393957
2 -1.029013 1.029013
2 -0.389465 0.389465
2 -0.390148 0.390148
2 -0.392629 0.392629
2 -0.400683 0.400683
2 -0.393555 0.393555
2 -0.393886 0.393886
2 -0.386161 0.386161
2 -0.393199 0.393199
2 -0.393927 0.393927
2 -0.392361 0.392361
2 -0.386265 0.386265
2 -0.398810 0.398810
2 -0.391506 0.391506
2 -0.390380 0.390380
2 -0.399514 0.399514
2 -0.393101 0.393101
2 -0.389095 0.389095
2 -0.395524 0.395524
2 -0.388405 0.388405
2 -0.394739 0.394739
2 -1.039992 1.039992
2 -1.026804 1.026804
2 -0.393329 0.393329
2 -1.030654 1.030654
2 -1.128716 1.128716
2 -0.392536 0.392536
2 -0.389952 0.389952
2 -0.388999 0.388999
2 -0.392836 0.392836
2 -0.387923 0.387923
2 -0.391347 0.391347
2 -0.157009 0.157009
2 -1.020767 1.020767
2 -0.395260 0.395260
2 -0.393113 0.393113
2 -1.033451 1.033451
2 -3.914490 3.914490
2 -1.023243 1.023243
2 -0.393733 0.393733
2 -0.391098 0.391098
2 -0.386586 0.386586
2 -1.028130 1.028130
2 -0.392194 0.392194
2 -0.616050 0.616050
2 -0.391532 0.391532
2 -0.391794 0.391794
2 -0.394311 0.394311
2 -0.908092 0.908092
2 -0.388850 0.388850
2 -0.391332 0.391332
2 -0.392675 0.392675
2 -1.040686 1.040686
2 -0.393312 0.393312
2 -0.392133 0.392133
2 -0.392352 0.392352
2 -1.063649 1.063649
2 -0.391703 0.391703
2 -1.030291 1.030291
2 -1.033274 1.033274
2 -0.392750 0.392750
2 -0.391940 0.391940
2 -1.026889 1.026889
2 -1.035737 1.035737
2 -0.391928 0.391928
2 -1.029224 1.029224
2 -0.390914 0.390914
2 -0.391430 0.391430
2 -0.393846 0.393846
2 -0.393598 0.393598
2 -0.395457 0.395457
2 -1.641058 1.641058
2 -0.391919 0.391919
2 -3.044880 3.044880
2 -0.391327 0.391327
2 -0.393035 0.393035
2 -1.045595 1.045595
2 -0.388663 0.388663
2 -1.029927 1.029927
2 -0.392470 0.392470
2 -0.394145 0.394145
2 -0.390337 0.390337
2 -0.392844 0.392844
2 -1.029804 1.029804
2 -0.394693 0.394693
2 -1.034549 1.034549
2 -1.042278 1.042278
2 -0.257763 0.257763
2 -0.390366 0.390366
2 -0.388414 0.388414
2 -1.113377 1.113377
2 -1.867212 1.867212
2 -0.391210 0.391210
2 -0.392488 0.392488
2 -1.036413 1.036413
2 -1.033829 1.033829
2 -0.393732 0.393732
2 -0.392209 0.392209
2 -0.387944 0.387944
2 -0.397665 0.397665
2 -1.715376 1.715376
2 -0.394147 0.394147
2 -0.397749 0.397749
2 -0.393192 0.393192
2 -1.030841 1.030841
2 -0.390417 0.390417
2 -1.034309 1.034309
2 -0.598756 0.598756
2 -0.392593 0.392593
2 -0.392372 0.392372
2 -0.391558 0.391558
2 -0.392939 0.392939
2 -1.458047 1.458047
2 -0.394174 0.394174
2 -3.760808 3.760808
2 -0.389524 0.389524
2 -0.389618 0.389618
2 -1.028779 1.028779
2 -0.390970 0.390970
2 -2.073765 2.073765
2 -0.397298 0.397298
2 -0.394527 0.394527
2 -0.394070 0.394070
2 -0.392317 0.392317
2 -0.395772 0.395772
2 -0.387789 0.387789
2 -0.386659 0.386659
2 -1.023978 1.023978
2 -0.392829 0.392829
2 -0.393508 0.393508
2 -0.387769 0.387769
2 -0.388072 0.388072
2 -0.397899 0.397899
2 -0.395627 0.395627
2 -1.030523 1.030523
2 -0.389304 0.389304
2 -0.389922 0.389922
2 -1.033707 1.033707
2 -0.393271 0.393271
2 -0.391145 0.391145
2 -0.389905 0.389905
2 -0.392859 0.392859
2 -0.391925 0.391925
2 -1.033309 1.033309
2 -0.384535 0.384535
2 -0.393645 0.393645
2 -0.393809 0.393809
2 -0.392855 0.392855
1 0.259531 -0.259531
2 -1.339687 1.339687
2 -1.030375 1.030375
2 -0.388283 0.388283
2 -1.024146 1.024146
2 -0.392801 0.392801
2 -0.393434 0.393434
2 -1.030894 1.030894
2 -0.392392 0.392392
2 -0.613953 0.613953
2 -0.394884 0.394884
2 -0.391304 0.391304
2 -0.391460 0.391460
2 -1.023950 1.023950
2 -0.399755 0.399755
2 -1.256330 1.256330
2 -0.389606 0.389606
2 -0.393595 0.393595
2 -0.393940 0.393940
2 -0.394430 0.394430
2 -1.027689 1.027689
2 -1.024031 1.024031
2 -0.394130 0.394130
2 -0.396253 0.396253
2 -0.396914 0.396914
2 -1.035011 1.035011
2 -0.385582 0.385582
2 -0.391197 0.391197
2 -0.389511 0.389511
2 -0.389941 0.389941
2 -1.100145 1.100145
2 -0.393497 0.393497
2 -0.392246 0.392246
2 -1.033699 1.033699
2 -1.039051 1.039051
2 -0.393525 0.393525
2 -0.393889 0.393889
2 -0.385854 0.385854
2 -1.038550 1.038550
2 -1.038969 1.038969
2 -0.390173 0.390173
2 -1.042248 1.042248
2 -0.395289 0.395289
2 -0.389075 0.389075
2 -0.394703 0.394703
2 -0.389978 0.389978
2 -0.391905 0.391905
2 -1.050855 1.050855
2 -0.392712 0.392712
2 -1.023437 1.023437
2 -0.393085 0.393085
2 -1.025696 1.025696
2 -0.388394 0.388394
2 -1.038119 1.038119
2 -0.393987 0.393987
2 -1.032008 1.032008
2 -0.395236 0.395236
2 -0.391389 0.391389
2 -0.391762 0.391762
2 -1.026265 1.026265
2 -0.392696 0.392696
2 -0.391938 0.391938
2 -0.392643 0.392643
2 -0.393121 0.393121
2 -0.393644 0.393644
2 -1.760391 1.760391
2 -1.029500 1.029500
2 -0.389752 0.389752
2 -1.115185 1.115185
2 -0.386656 0.386656
2 -0.394078 0.394078
2 -0.390954 0.390954
2 -0.394107 0.394107
2 -0.392140 0.392140
2 -0.393544 0.393544
2 -0.392900 0.392900
2 -0.395744 0.395744
2 -0.386694 0.386694
2 -0.393897 0.393897
2 -0.390356 0.390356
2 -1.037381 1.037381
2 -1.035783 1.035783
1 0.899975 -0.899975
2 -0.402019 0.402019
2 -0.390639 0.390639
2 -1.020812 1.020812
2 -0.390043 0.390043
2 -0.389812 0.389812
2 -1.029328 1.029328
2 -1.028016 1.028016
2 -0.394087 0.394087
2 -0.389777 0.389777
2 -1.038149 1.038149
2 -0.394954 0.394954
2 -0.390594 0.390594
2 -0.394822 0.394822
2 -1.036151 1.036151
2 -1.037248 1.037248
2 -0.389334 0.389334
2 -0.392203 0.392203
2 -1.025947 1.025947
2 -1.037011 1.037011
2 -0.389754 0.389754
2 -0.391213 0.391213
1 7.554866 -7.554866
2 -1.025497 1.025497
2 -0.392773 0.392773
2 -1.030894 1.030894
2 -0.392212 0.392212
2 -0.391490 0.391490
2 -0.389289 0.389289
2 -0.389874 0.389874
2 -1.042808 1.042808
2 -1.031434 1.031434
2 -0.381445 0.381445
2 -1.001909 1.001909
2 -0.395957 0.395957
2 -1.026930 1.026930
2 -1.025065 1.025065
2 -0.392914 0.392914
2 -0.389147 0.389147
2 -1.031425 1.031425
2 -0.394206 0.394206
2 -0.392376 0.392376
2 -1.033698 1.033698
2 -1.034347 1.034347
2 -0.390911 0.390911
2 -0.392231 0.392231
2 -0.387978 0.387978
2 -1.030713 1.030713
2 -0.394651 0.394651
2 -0.385776 0.385776
2 -0.389502 0.389502
2 -0.389329 0.389329
2 -0.392489 0.392489
2 -1.038355 1.038355
2 -1.026247 1.026247
2 -0.394258 0.394258
2 -0.392606 0.392606
2 -1.033022 1.033022
2 -1.031641 1.031641
2 -0.391180 0.391180
2 -0.393152 0.393152
2 -1.029018 1.029018
2 -1.035527 1.035527
2 -1.025033 1.025033
2 -0.392903 0.392903
1 1.001291 -1.001291
2 -1.032912 1.032912
2 -1.031322 1.031322
2 -1.023477 1.023477
2 -0.395961 0.395961
2 -0.473982 0.473982
2 -1.035498 1.035498
2 -0.386922 0.386922
2 -0.395303 0.395303
2 -0.395682 0.395682
2 -3.524978 3.524978
2 -0.392026 0.392026
2 -0.395453 0.395453
2 -0.398716 0.398716
2 -1.030625 1.030625
2 -1.032551 1.032551
2 -0.390862 0.390862
2 -1.023134 1.023134
2 -1.033734 1.033734
2 -1.022571 1.022571
2 -0.390902 0.390902
2 -1.036635 1.036635
2 -0.392646 0.392646
2 -0.396649 0.396649
2 -1.025993 1.025993
2 -0.395580 0.395580
2 -1.026225 1.026225
2 -1.023043 1.023043
2 -1.026279 1.026279
2 -0.391505 0.391505
2 -1.030301 1.030301
2 -1.027667 1.027667
2 -0.386839 0.386839
2 -0.391361 0.391361
2 -1.041043 1.041043
2 -0.391899 0.391899
2 -1.026852 1.026852
2 -0.392338 0.392338
2 -0.394130 0.394130
2 -0.393846 0.393846
2 -0.395916 0.395916
2 -0.391400 0.391400
2 -3.073750 3.073750
2 -1.035637 1.035637
2 -0.392881 0.392881
2 -1.039345 1.039345
2 -0.395708 0.395708
