2 -0.040513 0.040513
2 -0.006015 0.006015
2 -0.000234 0.000234
2 -0.006130 0.006130
1 0.115243 -0.115243
2 -0.000706 0.000706
2 -0.000168 0.000168
2 -0.057119 0.057119
1 0.000694 -0.000694
2 -2.157091 2.157091
2 -0.102693 0.102693
2 -0.000001 0.000001
1 0.000000 -0.000000
2 -0.028864 0.028864
2 -0.050367 0.050367
2 -0.000663 0.000663
2 -0.000037 0.000037
2 -0.023077 0.023077
2 -0.115877 0.115877
2 -0.041190 0.041190
2 -0.086005 0.086005
1 0.667756 -0.667756
2 -0.146282 0.146282
1 0.285307 -0.285307
1 0.284600 -0.284600
1 0.245985 -0.245985
1 0.299503 -0.299503
1 0.285307 -0.285307
1 0.285272 -0.285272
1 0.403086 -0.403086
1 0.283351 -0.283351
1 0.237387 -0.237387
1 0.311296 -0.311296
1 0.285234 -0.285234
1 0.282928 -0.282928
1 0.285372 -0.285372
1 0.285307 -0.285307
1 0.238847 -0.238847
1 0.285040 -0.285040
1 0.637594 -0.637594
1 0.285320 -0.285320
1 0.667760 -0.667760
1 0.196570 -0.196570
1 0.224368 -0.224368
1 0.285307 -0.285307
1 0.285333 -0.285333
1 0.295008 -0.295008
1 0.625304 -0.625304
1 0.116817 -0.116817
2 -0.069628 0.069628
1 0.232028 -0.232028
1 0.285307 -0.285307
1 0.274414 -0.274414
1 0.300022 -0.300022
1 0.321345 -0.321345
1 0.259245 -0.259245
1 0.191613 -0.191613
2 -0.458948 0.458948
1 0.256185 -0.256185
1 0.278814 -0.278814
1 0.625298 -0.625298
1 0.211605 -0.211605
1 0.320039 -0.320039
1 0.285570 -0.285570
1 0.162036 -0.162036
1 0.283809 -0.283809
1 0.285318 -0.285318
2 -0.647428 0.647428
2 -0.239924 0.239924
1 0.166211 -0.166211
1 0.324187 -0.324187
1 0.197899 -0.197899
1 0.224562 -0.224562
2 -0.005001 0.005001
1 0.281255 -0.281255
1 0.280119 -0.280119
1 0.285307 -0.285307
1 0.601281 -0.601281
1 0.299483 -0.299483
1 0.285307 -0.285307
1 0.724650 -0.724650
1 0.285307 -0.285307
1 0.285246 -0.285246
1 0.285307 -0.285307
1 0.381541 -0.381541
1 0.231892 -0.231892
1 0.254125 -0.254125
1 0.353521 -0.353521
1 0.324418 -0.324418
1 0.287018 -0.287018
1 0.286718 -0.286718
1 0.287389 -0.287389
1 0.310515 -0.310515
1 0.286282 -0.286282
1 0.286026 -0.286026
1 0.566794 -0.566794
1 0.305442 -0.305442
1 0.236861 -0.236861
1 0.246744 -0.246744
1 0.289211 -0.289211
1 0.285567 -0.285567
1 0.389797 -0.389797
1 0.285307 -0.285307
1 0.285342 -0.285342
1 0.327156 -0.327156
1 0.181232 -0.181232
1 0.215990 -0.215990
1 0.637598 -0.637598
1 0.277150 -0.277150
1 0.189278 -0.189278
1 0.322264 -0.322264
1 0.341117 -0.341117
1 0.285307 -0.285307
1 0.283636 -0.283636
1 0.176749 -0.176749
1 0.175774 -0.175774
1 0.145049 -0.145049
1 0.078838 -0.078838
2 -0.101029 0.101029
1 0.181383 -0.181383
2 -0.170156 0.170156
1 0.145974 -0.145974
1 0.209831 -0.209831
2 -0.187815 0.187815
1 0.285047 -0.285047
1 0.351283 -0.351283
1 0.565470 -0.565470
2 -0.114161 0.114161
1 0.298515 -0.298515
1 0.100520 -0.100520
2 -0.320043 0.320043
1 0.724650 -0.724650
1 0.285307 -0.285307
1 0.285307 -0.285307
1 0.285671 -0.285671
1 0.291380 -0.291380
1 0.433956 -0.433956
1 0.383969 -0.383969
1 0.017167 -0.017167
1 0.246716 -0.246716
2 -0.282008 0.282008
1 0.284127 -0.284127
1 0.246196 -0.246196
1 0.123693 -0.123693
1 0.286014 -0.286014
1 0.246052 -0.246052
1 0.285307 -0.285307
1 0.285307 -0.285307
1 0.247215 -0.247215
1 0.160477 -0.160477
1 0.285271 -0.285271
1 0.294889 -0.294889
1 0.015231 -0.015231
2 -0.211584 0.211584
1 0.352121 -0.352121
1 0.002403 -0.002403
1 0.328737 -0.328737
1 0.186246 -0.186246
1 0.180748 -0.180748
1 0.272352 -0.272352
1 0.295525 -0.295525
1 0.532410 -0.532410
2 -0.875115 0.875115
1 0.264312 -0.264312
1 0.234073 -0.234073
1 0.179195 -0.179195
1 0.123595 -0.123595
1 0.072263 -0.072263
1 0.082787 -0.082787
1 0.223981 -0.223981
1 0.186499 -0.186499
1 0.117922 -0.117922
2 -0.062275 0.062275
1 0.377028 -0.377028
1 0.285307 -0.285307
1 0.417386 -0.417386
1 0.232010 -0.232010
1 0.285294 -0.285294
1 0.284613 -0.284613
1 0.285307 -0.285307
1 0.284599 -0.284599
1 0.284511 -0.284511
1 0.284325 -0.284325
1 0.179480 -0.179480
1 0.428675 -0.428675
1 0.140041 -0.140041
1 0.102014 -0.102014
1 0.218910 -0.218910
1 0.285350 -0.285350
1 0.601279 -0.601279
1 0.285320 -0.285320
1 0.575009 -0.575009
1 0.412387 -0.412387
2 -0.030911 0.030911
1 0.135549 -0.135549
1 0.284601 -0.284601
1 0.277687 -0.277687
1 0.285308 -0.285308
1 0.244793 -0.244793
1 0.170495 -0.170495
1 0.175641 -0.175641
1 0.415583 -0.415583
1 0.390281 -0.390281
1 0.269160 -0.269160
1 0.625317 -0.625317
2 -0.467882 0.467882
1 0.094979 -0.094979
2 -0.082484 0.082484
1 0.283385 -0.283385
1 0.293420 -0.293420
1 0.291183 -0.291183
1 0.389946 -0.389946
2 -0.706314 0.706314
1 0.180054 -0.180054
1 0.167041 -0.167041
2 -1.716720 1.716720
1 0.175635 -0.175635
1 0.229303 -0.229303
1 0.299503 -0.299503
1 0.285578 -0.285578
